255 255 255 255 194 151  31  36  36  31 151 194 255 255 255 255
255 255 253  69  36  36  36  36  36  36  36  36  71 253 255 255
255 253  36  36  36  36  43  43  43  43  36  36  36  36 253 255
255  66  36  36  36 221 255 255 255 255 221  36  36  36  68 255
194  36  36  36 229 255 255 255 255 255 255 229  36  36  36 194
151  36  36 220 255 255 226 152 152 226 255 255 220  36  36 153
 32  36  43 255 255 226  36  36  36  36 226 255 255  43  36  32
 36  36  43 255 255 152  36  36  36  36 152 255 255  43  36  36
 36  36  43 255 255 152  36  36  36  36 152 255 255  43  36  36
 31  36  43 255 255 226  36  36  36  36 226 255 255  43  36  31
153  36  36 221 255 255 226 152 152 226 255 255 221  36  36 153
194  36  36  36 229 255 255 255 255 255 255 229  36  36  36 194
255  72  36  36  36 221 255 255 255 255 221  36  36  36  73 255
255 253  36  36  36  36  43  43  43  43  36  36  36  36 253 255
255 255 253  77  36  36  36  36  36  36  36  36  79 253 255 255
255 255 255 255 194 153  32  36  36  32 153 194 255 255 255 255
255 255 255 255 187 135   0   0   0   0 135 187 255 255 255 255
255 255 253  48   0   0   0   0   0   0   0   0  48 253 255 255
255 253   0   0   0   0   8   8   8   8   0   0   0   0 253 255
255  47   0   0   0 215 255 255 255 255 215   0   0   0  48 255
187   0   0   0 225 255 255 255 255 255 255 225   0   0   0 187
135   0   0 215 255 255 221 135 135 221 255 255 215   0   0 136
  0   0   8 255 255 221   0   0   0   0 221 255 255   8   0   0
  0   0   8 255 255 135   0   0   0   0 135 255 255   8   0   0
  0   0   8 255 255 135   0   0   0   0 135 255 255   8   0   0
  0   0   8 255 255 221   0   0   0   0 221 255 255   8   0   0
136   0   0 215 255 255 221 135 135 221 255 255 215   0   0 136
187   0   0   0 225 255 255 255 255 255 255 225   0   0   0 187
255  49   0   0   0 215 255 255 255 255 215   0   0   0  50 255
255 253   0   0   0   0   8   8   8   8   0   0   0   0 253 255
255 255 253  50   0   0   0   0   0   0   0   0  50 253 255 255
255 255 255 255 187 137   0   0   0   0 137 187 255 255 255 255
255 255 255 255 248 242 229 229 229 229 242 248 255 255 255 255
255 255 255 233 229 229 229 229 229 229 229 229 233 255 255 255
255 255 229 229 229 229 230 230 230 230 229 229 229 229 255 255
255 233 229 229 229 251 255 255 255 255 251 229 229 229 233 255
248 229 229 229 252 255 255 255 255 255 255 252 229 229 229 248
242 229 229 251 255 255 252 243 243 252 255 255 251 229 229 243
229 229 230 255 255 252 229 229 229 229 252 255 255 230 229 229
229 229 230 255 255 243 229 229 229 229 243 255 255 230 229 229
229 229 230 255 255 243 229 229 229 229 243 255 255 230 229 229
229 229 230 255 255 252 229 229 229 229 252 255 255 230 229 229
243 229 229 251 255 255 252 243 243 252 255 255 251 229 229 243
248 229 229 229 252 255 255 255 255 255 255 252 229 229 229 248
255 233 229 229 229 251 255 255 255 255 251 229 229 229 233 255
255 255 229 229 229 229 230 230 230 230 229 229 229 229 255 255
255 255 255 234 229 229 229 229 229 229 229 229 234 255 255 255
255 255 255 255 248 242 229 229 229 229 242 248 255 255 255 255

255 255 255 255 194 153  32  36  36  31 153 194 255 255 255 255
255 255 253  68  36  36  36  36  36  36  36  36  73 253 255 255
255 253  36  36  36  36  43  43  43  43  36  36  36  36 253 255
255  71  36  36  36 220 255 255 255 255 221  36  36  36  79 255
194  36  36  36 229 255 255 255 255 255 255 229  36  36  36 194
151  36  36 221 255 255 226 152 152 226 255 255 221  36  36 153
 31  36  43 255 255 226  36  36  36  36 226 255 255  43  36  32
 36  36  43 255 255 152  36  36  36  36 152 255 255  43  36  36
 36  36  43 255 255 152  36  36  36  36 152 255 255  43  36  36
 31  36  43 255 255 226  36  36  36  36 226 255 255  43  36  32
151  36  36 221 255 255 226 152 152 226 255 255 221  36  36 153
194  36  36  36 229 255 255 255 255 255 255 229  36  36  36 194
255  69  36  36  36 220 255 255 255 255 221  36  36  36  77 255
255 253  36  36  36  36  43  43  43  43  36  36  36  36 253 255
255 255 253  66  36  36  36  36  36  36  36  36  72 253 255 255
255 255 255 255 194 151  32  36  36  31 153 194 255 255 255 255
255 255 255 255 187 136   0   0   0   0 136 187 255 255 255 255
255 255 253  48   0   0   0   0   0   0   0   0  50 253 255 255
255 253   0   0   0   0   8   8   8   8   0   0   0   0 253 255
255  48   0   0   0 215 255 255 255 255 215   0   0   0  50 255
187   0   0   0 225 255 255 255 255 255 255 225   0   0   0 187
135   0   0 215 255 255 221 135 135 221 255 255 215   0   0 137
  0   0   8 255 255 221   0   0   0   0 221 255 255   8   0   0
  0   0   8 255 255 135   0   0   0   0 135 255 255   8   0   0
  0   0   8 255 255 135   0   0   0   0 135 255 255   8   0   0
  0   0   8 255 255 221   0   0   0   0 221 255 255   8   0   0
135   0   0 215 255 255 221 135 135 221 255 255 215   0   0 137
187   0   0   0 225 255 255 255 255 255 255 225   0   0   0 187
255  48   0   0   0 215 255 255 255 255 215   0   0   0  50 255
255 253   0   0   0   0   8   8   8   8   0   0   0   0 253 255
255 255 253  47   0   0   0   0   0   0   0   0  49 253 255 255
255 255 255 255 187 135   0   0   0   0 136 187 255 255 255 255
255 255 255 255 248 243 229 229 229 229 243 248 255 255 255 255
255 255 255 233 229 229 229 229 229 229 229 229 233 255 255 255
255 255 229 229 229 229 230 230 230 230 229 229 229 229 255 255
255 233 229 229 229 251 255 255 255 255 251 229 229 229 234 255
248 229 229 229 252 255 255 255 255 255 255 252 229 229 229 248
242 229 229 251 255 255 252 243 243 252 255 255 251 229 229 242
229 229 230 255 255 252 229 229 229 229 252 255 255 230 229 229
229 229 230 255 255 243 229 229 229 229 243 255 255 230 229 229
229 229 230 255 255 243 229 229 229 229 243 255 255 230 229 229
229 229 230 255 255 252 229 229 229 229 252 255 255 230 229 229
242 229 229 251 255 255 252 243 243 252 255 255 251 229 229 242
248 229 229 229 252 255 255 255 255 255 255 252 229 229 229 248
255 233 229 229 229 251 255 255 255 255 251 229 229 229 234 255
255 255 229 229 229 229 230 230 230 230 229 229 229 229 255 255
255 255 255 233 229 229 229 229 229 229 229 229 233 255 255 255
255 255 255 255 248 242 229 229 229 229 243 248 255 255 255 255

255 255 255 254 196 116  60  38  38  61 118 199 254 255 255 255
255 255 243 105  35  36  36  36  36  36  36  35 111 247 255 255
255 243  40  36  36  37  52  73  73  51  37  36  36  39 246 255
254 104  36  36  43 221 251 255 255 251 219  43  36  36 110 254
196  35  36  44 234 255 255 255 255 255 255 230  43  36  35 204
116  36  37 220 255 255 200 128 129 203 255 255 209  36  36 125
 60  36  51 251 255 199  38  36  36  38 206 255 249  40  36  63
 37  36  72 255 255 127  36  36  36  36 138 255 255  60  36  38
 37  36  72 255 255 128  36  36  36  36 139 255 255  61  36  37
 61  36  50 250 255 203  38  36  36  38 209 255 248  39  36  63
118  36  37 219 255 255 206 137 139 209 255 255 208  36  36 127
199  35  36  44 231 255 255 255 255 255 255 226  43  36  35 207
254 109  36  36  44 211 249 255 255 248 209  44  36  36 114 254
255 246  38  36  36  36  39  61  61  39  36  36  36  39 248 255
255 255 245 108  35  36  36  36  36  36  36  35 114 248 255 255
255 255 255 254 204 124  63  37  37  64 127 206 254 255 255 255
255 255 255 254 187  95  30   4   4  31  97 191 254 255 255 255
255 255 242  83   0   0   0   0   0   0   0   0  90 246 255 255
255 242   7   0   0   2  20  46  46  19   1   0   0   6 245 255
254  82   0   0  10 217 251 255 255 251 215   9   0   0  89 254
187   0   0  10 232 255 255 255 255 255 255 227  10   0   0 197
 95   0   2 216 255 255 192 108 110 197 255 255 203   0   0 105
 30   0  19 250 255 192   3   0   0   3 200 255 248   5   0  33
  3   0  45 255 255 108   0   0   0   0 120 255 255  31   0   3
  3   0  45 255 255 109   0   0   0   0 121 255 255  31   0   3
 31   0  17 250 255 196   3   0   0   3 203 255 248   4   0  34
 97   0   1 215 255 255 199 119 120 203 255 255 201   0   0 107
191   0   0  10 227 255 255 255 255 255 255 223  10   0   0 200
254  88   0   0  11 204 248 255 255 248 202  10   0   0  94 254
255 245   6   0   0   0   5  31  31   4   0   0   0   6 247 255
255 255 244  87   0   0   0   0   0   0   0   0  94 247 255 255
255 255 255 254 196 105  33   2   2  35 107 199 254 255 255 255
255 255 255 255 247 238 231 229 229 231 238 248 255 255 255 255
255 255 253 236 229 229 229 229 229 229 229 229 237 254 255 255
255 253 229 229 229 229 230 233 233 230 229 229 229 229 253 255
255 236 229 229 229 250 254 255 255 254 250 229 229 229 237 255
247 229 229 229 252 255 255 255 255 255 255 251 229 229 229 248
238 229 229 250 255 255 248 239 239 248 255 255 249 229 229 239
231 229 230 254 255 248 229 229 229 229 248 255 254 229 229 231
229 229 232 255 255 239 229 229 229 229 241 255 255 231 229 229
229 229 232 255 255 239 229 229 229 229 241 255 255 231 229 229
231 229 230 254 255 248 229 229 229 229 249 255 254 229 229 232
238 229 229 250 255 255 248 240 240 249 255 255 249 229 229 239
247 229 229 229 252 255 255 255 255 255 255 251 229 229 229 248
255 237 229 229 229 249 254 255 255 254 249 229 229 229 237 255
255 254 229 229 229 229 229 231 231 229 229 229 229 229 254 255
255 255 253 237 229 229 229 229 229 229 229 229 237 254 255 255
255 255 255 255 248 239 231 229 229 232 239 248 255 255 255 255

255 255 255 255 202 122  62  38  38  61 122 202 255 255 255 255
255 255 246 111  36  36  36  36  36  36  36  36 108 246 255 255
255 247  40  36  36  37  46  66  67  45  37  36  36  39 246 255
255 112  36  36  44 215 250 255 255 250 215  44  36  36 109 255
202  36  36  43 231 255 255 255 255 255 255 231  45  36  36 201
122  36  37 215 255 255 205 134 133 204 255 255 216  37  36 122
 63  36  46 251 255 205  39  36  36  39 204 255 250  45  36  62
 38  36  67 255 255 134  36  36  36  36 133 255 255  67  36  38
 38  36  67 255 255 134  36  36  36  36 133 255 255  67  36  38
 63  36  46 251 255 206  39  36  36  39 205 255 250  45  36  62
122  36  37 215 255 255 205 134 133 205 255 255 216  37  36 122
202  36  36  43 231 255 255 255 255 255 255 231  45  36  36 201
255 112  36  36  44 214 250 255 255 250 215  44  36  36 109 255
255 247  41  36  36  37  46  66  66  45  37  36  36  39 246 255
255 255 247 111  36  36  36  36  36  36  36  36 109 246 255 255
255 255 255 255 202 122  63  38  38  62 122 202 255 255 255 255
255 255 255 255 194 102  33   3   3  32 101 194 255 255 255 255
255 255 245  90   0   0   0   0   0   0   0   0  88 245 255 255
255 246   7   0   0   1  12  39  39  12   1   0   0   6 245 255
255  91   0   0  10 209 250 255 255 250 209  11   0   0  88 255
194   0   0   9 228 255 255 255 255 255 255 228  11   0   0 194
102   0   1 210 255 255 199 115 115 198 255 255 210   1   0 101
 33   0  13 250 255 199   4   0   0   4 197 255 250  12   0  33
  4   0  39 255 255 116   0   0   0   0 114 255 255  39   0   3
  4   0  39 255 255 116   0   0   0   0 114 255 255  39   0   3
 33   0  13 250 255 199   4   0   0   4 197 255 250  12   0  33
102   0   1 210 255 255 199 116 115 198 255 255 210   1   0 101
194   0   0   9 228 255 255 255 255 255 255 228  11   0   0 194
255  91   0   0  10 209 250 255 255 249 209  11   0   0  88 255
255 246   8   0   0   1  12  39  39  12   1   0   0   7 245 255
255 255 246  90   0   0   0   0   0   0   0   0  88 245 255 255
255 255 255 255 194 102  33   3   3  32 101 194 255 255 255 255
255 255 255 255 248 239 232 229 229 232 239 248 255 255 255 255
255 255 254 237 229 229 229 229 229 229 229 229 237 254 255 255
255 254 229 229 229 229 230 232 232 230 229 229 229 229 254 255
255 237 229 229 230 250 254 255 255 254 250 230 229 229 237 255
248 229 229 230 252 255 255 255 255 255 255 252 230 229 229 248
239 229 229 250 255 255 249 240 240 249 255 255 250 229 229 239
232 229 230 254 255 249 229 229 229 229 249 255 254 230 229 232
229 229 233 255 255 240 229 229 229 229 240 255 255 232 229 229
229 229 233 255 255 240 229 229 229 229 240 255 255 232 229 229
232 229 230 254 255 249 229 229 229 229 249 255 254 230 229 232
239 229 229 250 255 255 249 240 240 249 255 255 250 229 229 239
248 229 229 230 252 255 255 255 255 255 255 252 230 229 229 248
255 237 229 229 230 250 254 255 255 254 250 230 229 229 237 255
255 254 230 229 229 229 230 232 232 230 229 229 229 229 254 255
255 255 254 237 229 229 229 229 229 229 229 229 237 254 255 255
255 255 255 255 248 239 232 229 229 232 239 248 255 255 255 255
